Type "help", "copyright", "credits" or "license()" for more information.
>>> 
= RESTART: C:\Users\jxvie\Documents\modern robotics\course2\javier_andrango_project2\code\IKinBodyIterates.py
iteration  0
joint vector(theta_i):
[ 2.5   0.7   4.1  -2.3   0.46 -3.6 ]

SE(3) end-effector config(Tsb(theta_i)):
[[ 0.5418271   0.80203508 -0.25132276 -0.32819002]
 [ 0.09217545 -0.35391849 -0.93072305  0.01739548]
 [-0.8354203   0.48112518 -0.26569058  0.26002603]
 [ 0.          0.          0.          1.        ]]

error twist V_b:
[-0.32647388 -0.19303692 -0.55179186  0.11384699 -0.22340682 -0.03723171]

angular error magnitude ||omega_b||: 0.6695690415631184

linear error magnitude ||v_b||: 0.2534915078887444

---------------------------------------------------
iteration  1
joint vector(theta_i):
[ 2.38152667  1.46636505  4.09940475 -2.07078012  0.52627803 -5.07483209]

SE(3) end-effector config(Tsb(theta_i)):
[[-0.09663806  0.96232127 -0.25416306 -0.36596396]
 [-0.15386685 -0.26673252 -0.95140883  0.09966182]
 [-0.9833545  -0.05283503  0.17384585  0.02741625]
 [ 0.          0.          0.          1.        ]]

error twist V_b:
[-0.26500917  0.16672606  0.07604545 -0.06681711 -0.13572282  0.02345602]

angular error magnitude ||omega_b||: 0.3221961347585428

linear error magnitude ||v_b||: 0.1530862327020926

---------------------------------------------------
iteration  2
joint vector(theta_i):
[ 2.5959921   0.91104722  4.46922761 -2.25492328  0.51374411 -4.71645089]

SE(3) end-effector config(Tsb(theta_i)):
[[-0.01794186  0.99932981 -0.03190645 -0.48806143]
 [ 0.00855671 -0.03175695 -0.99945899  0.08522983]
 [-0.99980242 -0.01820517 -0.0079812   0.15529299]
 [ 0.          0.          0.          1.        ]]

error twist V_b:
[-0.03183918 -0.0082709   0.01807776  0.05546061 -0.01167119 -0.01435263]

angular error magnitude ||omega_b||: 0.037535936609813025

linear error magnitude ||v_b||: 0.05846446811215635

---------------------------------------------------
iteration  3
joint vector(theta_i):
[ 2.58529084  0.99044653  4.53439119 -2.3826116   0.55631648 -4.71315477]

SE(3) end-effector config(Tsb(theta_i)):
[[-2.27847609e-04  9.99999974e-01  1.45722071e-05 -4.97173970e-01]
 [-3.34511185e-04  1.44959891e-05 -9.99999944e-01  9.87942806e-02]
 [-9.99999918e-01 -2.27852470e-04  3.34507873e-04  9.81996080e-02]
 [ 0.00000000e+00  0.00000000e+00  0.00000000e+00  1.00000000e+00]]

error twist V_b:
[ 1.45340985e-05  3.34509538e-04  2.27850046e-04 -1.80027164e-03
 -2.82622657e-03 -1.20543886e-03]

angular error magnitude ||omega_b||: 0.00040499816595279355

linear error magnitude ||v_b||: 0.003561125864689655

---------------------------------------------------
iteration  4
joint vector(theta_i):
[ 2.58619369  0.9818976   4.54351743 -2.38382143  0.55539883 -4.71239008]

SE(3) end-effector config(Tsb(theta_i)):
[[-3.04017912e-07  1.00000000e+00 -1.27897831e-07 -4.99993794e-01]
 [-4.94538003e-07 -1.27897981e-07 -1.00000000e+00  9.99932734e-02]
 [-1.00000000e+00 -3.04017849e-07  4.94538042e-07  1.00013060e-01]
 [ 0.00000000e+00  0.00000000e+00  0.00000000e+00  1.00000000e+00]]

error twist V_b:
[-1.27897906e-07  4.94538022e-07  3.04017881e-07  1.30600262e-05
 -6.20590917e-06 -6.72658691e-06]

angular error magnitude ||omega_b||: 5.944346909654082e-07

linear error magnitude ||v_b||: 1.5947556657384248e-05

---------------------------------------------------
[[ 2.5         0.7         4.1        -2.3         0.46       -3.6       ]
 [ 2.38152667  1.46636505  4.09940475 -2.07078012  0.52627803 -5.07483209]
 [ 2.5959921   0.91104722  4.46922761 -2.25492328  0.51374411 -4.71645089]
 [ 2.58529084  0.99044653  4.53439119 -2.3826116   0.55631648 -4.71315477]
 [ 2.58619369  0.9818976   4.54351743 -2.38382143  0.55539883 -4.71239008]]

thetalist: [ 2.58619369  0.9818976   4.54351743 -2.38382143  0.55539883 -4.71239008]
success: True